149,1
150,2
151,3
160,4
152,5
153,6
154,7
155,8
144,9
156,10
157,11
158,12
159,13
126,14
125,15
114,16
115,17
124,19
111,20
425,21
402,22
116,23
403,24
117,25
14,26
15,27
16,28
17,29
18,30
19,31
20,32
21,33
22,34
3,35
4,36
5,37
23,38
24,39
25,40
26,41
27,42
28,43
29,44
7,45
30,46
31,47
32,48
33,49
34,50
35,51
36,52
37,53
38,54
39,55
41,56
42,57
43,58
44,59
45,60
46,61
47,62
48,63
51,64
49,65
50,66
52,67
53,68
8,69
40,70
6,71
133,72
134,73
135,74
57,75
58,76
54,77
129,78
446,80
131,81
132,82
92,83
93,84
95,85
94,86
96,87
97,88
98,94
56,98
9,99
10,100
11,101
12,102
73,103
74,104
75,105
76,106
77,107
78,108
79,109
80,110
81,111
59,115
60,116
61,117
62,118
63,119
64,120
65,121
66,122
67,123
68,124
69,125
70,126
71,127
72,128
82,132
83,133
84,134
85,135
86,136
87,137
88,138
89,139
90,140
91,141
101,142
102,143
108,144
105,145
106,146
109,147
110,148
107,149
128,151
122,152
2,153
100,154
113,155
112,161
401,162
168,163
171,165
173,166
174,167
172,168
118,169
179,170
178,171
177,172
180,173
175,174
176,175
186,176
187,177
188,178
185,179
190,180
189,181
184,182
182,183
183,184
167,185
163,188
162,189
165,190
166,191
127,194
161,195
99,197
120,199
119,200
191,201
192,202
194,203
196,204
197,205
200,206
199,207
201,208
202,209
203,210
204,211
205,212
206,213
207,214
208,215
209,216
210,217
211,218
212,219
213,220
214,221
215,222
216,223
217,224
218,225
219,226
220,227
221,228
222,229
223,230
224,231
225,232
226,233
227,234
228,235
229,236
230,237
231,238
232,239
233,240
234,241
235,242
236,243
237,244
238,245
239,246
240,247
241,248
242,249
243,250
244,251
245,252
285,253
247,254
248,255
249,256
251,257
252,258
253,259
254,260
255,261
256,262
257,263
258,264
259,265
260,266
261,267
262,268
263,269
264,270
265,271
267,273
268,274
269,275
270,276
271,277
272,278
273,279
274,280
275,281
276,282
277,283
278,284
279,285
280,286
281,287
282,288
283,289
284,290
286,291
287,292
288,293
289,294
290,295
291,296
292,297
293,298
294,299
295,300
407,301
297,302
298,303
299,304
300,305
301,306
302,307
303,308
305,309
306,310
307,311
308,312
309,313
310,314
311,315
312,316
313,317
314,318
315,319
316,320
317,321
318,322
319,323
320,324
321,325
322,326
337,327
324,328
325,329
326,330
327,331
328,332
329,333
330,334
331,335
332,336
333,337
334,338
335,339
336,340
338,341
339,342
340,343
341,344
342,345
343,346
344,347
345,348
346,349
350,350
348,351
351,352
352,353
349,354
353,355
354,356
355,357
356,358
357,359
358,360
359,361
360,362
362,363
361,364
363,365
364,366
365,367
366,368
367,369
368,370
369,371
370,372
371,373
372,374
373,375
374,376
375,377
376,378
377,379
378,380
379,381
380,382
381,383
382,384
383,385
384,386
385,387
386,388
387,389
388,390
389,391
390,392
391,393
392,394
393,395
394,396
395,397
396,398
397,399
399,400
400,401
428,405
429,406
427,407
442,415
149,1
150,2
151,3
160,4
152,5
153,6
154,7
155,8
144,9
156,10
157,11
158,12
159,13
126,14
125,15
114,16
115,17
124,19
111,20
425,21
402,22
116,23
403,24
117,25
14,26
15,27
16,28
17,29
18,30
19,31
20,32
21,33
22,34
3,35
4,36
5,37
23,38
24,39
25,40
26,41
27,42
28,43
29,44
7,45
30,46
31,47
32,48
33,49
34,50
35,51
36,52
37,53
38,54
39,55
41,56
42,57
43,58
44,59
45,60
46,61
47,62
48,63
51,64
49,65
50,66
52,67
53,68
8,69
40,70
6,71
133,72
134,73
135,74
57,75
58,76
54,77
129,78
446,80
131,81
132,82
92,83
93,84
95,85
94,86
96,87
97,88
98,94
56,98
9,99
10,100
11,101
12,102
73,103
74,104
75,105
76,106
77,107
78,108
79,109
80,110
81,111
59,115
60,116
61,117
62,118
63,119
64,120
65,121
66,122
67,123
68,124
69,125
70,126
71,127
72,128
82,132
83,133
84,134
85,135
86,136
87,137
88,138
89,139
90,140
91,141
101,142
102,143
108,144
105,145
106,146
109,147
110,148
107,149
128,151
122,152
2,153
100,154
113,155
112,161
401,162
168,163
171,165
173,166
174,167
172,168
118,169
179,170
178,171
177,172
180,173
175,174
176,175
186,176
187,177
188,178
185,179
190,180
189,181
184,182
182,183
183,184
167,185
163,188
162,189
165,190
166,191
127,194
161,195
99,197
120,199
119,200
191,201
192,202
194,203
196,204
197,205
200,206
199,207
201,208
202,209
203,210
204,211
205,212
206,213
207,214
208,215
209,216
210,217
211,218
212,219
213,220
214,221
215,222
216,223
217,224
218,225
219,226
220,227
221,228
222,229
223,230
224,231
225,232
226,233
227,234
228,235
229,236
230,237
231,238
232,239
233,240
234,241
235,242
236,243
237,244
238,245
239,246
240,247
241,248
242,249
243,250
244,251
245,252
285,253
247,254
248,255
249,256
251,257
252,258
253,259
254,260
255,261
256,262
257,263
258,264
259,265
260,266
261,267
262,268
263,269
264,270
265,271
267,273
268,274
269,275
270,276
271,277
272,278
273,279
274,280
275,281
276,282
277,283
278,284
279,285
280,286
281,287
282,288
283,289
284,290
286,291
287,292
288,293
289,294
290,295
291,296
292,297
293,298
294,299
295,300
407,301
297,302
298,303
299,304
300,305
301,306
302,307
303,308
305,309
306,310
307,311
308,312
309,313
310,314
311,315
312,316
313,317
314,318
315,319
316,320
317,321
318,322
319,323
320,324
321,325
322,326
337,327
324,328
325,329
326,330
327,331
328,332
329,333
330,334
331,335
332,336
333,337
334,338
335,339
336,340
338,341
339,342
340,343
341,344
342,345
343,346
344,347
345,348
346,349
350,350
348,351
351,352
352,353
349,354
353,355
354,356
355,357
356,358
357,359
358,360
359,361
360,362
362,363
361,364
363,365
364,366
365,367
366,368
367,369
368,370
369,371
370,372
371,373
372,374
373,375
374,376
375,377
376,378
377,379
378,380
379,381
380,382
381,383
382,384
383,385
384,386
385,387
386,388
387,389
388,390
389,391
390,392
391,393
392,394
393,395
394,396
395,397
396,398
397,399
399,400
400,401
428,405
429,406
427,407
442,415
149,1
150,2
151,3
160,4
152,5
153,6
154,7
155,8
144,9
156,10
157,11
158,12
159,13
126,14
125,15
114,16
115,17
124,19
111,20
425,21
402,22
116,23
403,24
117,25
14,26
15,27
16,28
17,29
18,30
19,31
20,32
21,33
22,34
3,35
4,36
5,37
23,38
24,39
25,40
26,41
27,42
28,43
29,44
7,45
30,46
31,47
32,48
33,49
34,50
35,51
36,52
37,53
38,54
39,55
41,56
42,57
43,58
44,59
45,60
46,61
47,62
48,63
51,64
49,65
50,66
52,67
53,68
8,69
40,70
6,71
133,72
134,73
135,74
57,75
58,76
54,77
129,78
446,80
131,81
132,82
92,83
93,84
95,85
94,86
96,87
97,88
98,94
56,98
9,99
10,100
11,101
12,102
73,103
74,104
75,105
76,106
77,107
78,108
79,109
80,110
81,111
59,115
60,116
61,117
62,118
63,119
64,120
65,121
66,122
67,123
68,124
69,125
70,126
71,127
72,128
82,132
83,133
84,134
85,135
86,136
87,137
88,138
89,139
90,140
91,141
101,142
102,143
108,144
105,145
106,146
109,147
110,148
107,149
128,151
122,152
2,153
100,154
113,155
112,161
401,162
168,163
171,165
173,166
174,167
172,168
118,169
179,170
178,171
177,172
180,173
175,174
176,175
186,176
187,177
188,178
185,179
190,180
189,181
184,182
182,183
183,184
167,185
163,188
162,189
165,190
166,191
127,194
161,195
99,197
120,199
119,200
191,201
192,202
194,203
196,204
197,205
200,206
199,207
201,208
202,209
203,210
204,211
205,212
206,213
207,214
208,215
209,216
210,217
211,218
212,219
213,220
214,221
215,222
216,223
217,224
218,225
219,226
220,227
221,228
222,229
223,230
224,231
225,232
226,233
227,234
228,235
229,236
230,237
231,238
232,239
233,240
234,241
235,242
236,243
237,244
238,245
239,246
240,247
241,248
242,249
243,250
244,251
245,252
285,253
247,254
248,255
249,256
251,257
252,258
253,259
254,260
255,261
256,262
257,263
258,264
259,265
260,266
261,267
262,268
263,269
264,270
265,271
267,273
268,274
269,275
270,276
271,277
272,278
273,279
274,280
275,281
276,282
277,283
278,284
279,285
280,286
281,287
282,288
283,289
284,290
286,291
287,292
288,293
289,294
290,295
291,296
292,297
293,298
294,299
295,300
407,301
297,302
298,303
299,304
300,305
301,306
302,307
303,308
305,309
306,310
307,311
308,312
309,313
310,314
311,315
312,316
313,317
314,318
315,319
316,320
317,321
318,322
319,323
320,324
321,325
322,326
337,327
324,328
325,329
326,330
327,331
328,332
329,333
330,334
331,335
332,336
333,337
334,338
335,339
336,340
338,341
339,342
340,343
341,344
342,345
343,346
344,347
345,348
346,349
350,350
348,351
351,352
352,353
349,354
353,355
354,356
355,357
356,358
357,359
358,360
359,361
360,362
362,363
361,364
363,365
364,366
365,367
366,368
367,369
368,370
369,371
370,372
371,373
372,374
373,375
374,376
375,377
376,378
377,379
378,380
379,381
380,382
381,383
382,384
383,385
384,386
385,387
386,388
387,389
388,390
389,391
390,392
391,393
392,394
393,395
394,396
395,397
396,398
397,399
399,400
400,401
428,405
429,406
427,407
442,415
149,1
150,2
151,3
160,4
152,5
153,6
154,7
155,8
144,9
156,10
157,11
158,12
159,13
126,14
125,15
114,16
115,17
124,19
111,20
425,21
402,22
116,23
403,24
117,25
14,26
15,27
16,28
17,29
18,30
19,31
20,32
21,33
22,34
3,35
4,36
5,37
23,38
24,39
25,40
26,41
27,42
28,43
29,44
7,45
30,46
31,47
32,48
33,49
34,50
35,51
36,52
37,53
38,54
39,55
41,56
42,57
43,58
44,59
45,60
46,61
47,62
48,63
51,64
49,65
50,66
52,67
53,68
8,69
40,70
6,71
133,72
134,73
135,74
57,75
58,76
54,77
129,78
446,80
131,81
132,82
92,83
93,84
95,85
94,86
96,87
97,88
98,94
56,98
9,99
10,100
11,101
12,102
73,103
74,104
75,105
76,106
77,107
78,108
79,109
80,110
81,111
59,115
60,116
61,117
62,118
63,119
64,120
65,121
66,122
67,123
68,124
69,125
70,126
71,127
72,128
82,132
83,133
84,134
85,135
86,136
87,137
88,138
89,139
90,140
91,141
101,142
102,143
108,144
105,145
106,146
109,147
110,148
107,149
128,151
122,152
2,153
100,154
113,155
112,161
401,162
168,163
171,165
173,166
174,167
172,168
118,169
179,170
178,171
177,172
180,173
175,174
176,175
186,176
187,177
188,178
185,179
190,180
189,181
184,182
182,183
183,184
167,185
163,188
162,189
165,190
166,191
127,194
161,195
99,197
120,199
119,200
191,201
192,202
194,203
196,204
197,205
200,206
199,207
201,208
202,209
203,210
204,211
205,212
206,213
207,214
208,215
209,216
210,217
211,218
212,219
213,220
214,221
215,222
216,223
217,224
218,225
219,226
220,227
221,228
222,229
223,230
224,231
225,232
226,233
227,234
228,235
229,236
230,237
231,238
232,239
233,240
234,241
235,242
236,243
237,244
238,245
239,246
240,247
241,248
242,249
243,250
244,251
245,252
285,253
247,254
248,255
249,256
251,257
252,258
253,259
254,260
255,261
256,262
257,263
258,264
259,265
260,266
261,267
262,268
263,269
264,270
265,271
267,273
268,274
269,275
270,276
271,277
272,278
273,279
274,280
275,281
276,282
277,283
278,284
279,285
280,286
281,287
282,288
283,289
284,290
286,291
287,292
288,293
289,294
290,295
291,296
292,297
293,298
294,299
295,300
407,301
297,302
298,303
299,304
300,305
301,306
302,307
303,308
305,309
306,310
307,311
308,312
309,313
310,314
311,315
312,316
313,317
314,318
315,319
316,320
317,321
318,322
319,323
320,324
321,325
322,326
337,327
324,328
325,329
326,330
327,331
328,332
329,333
330,334
331,335
332,336
333,337
334,338
335,339
336,340
338,341
339,342
340,343
341,344
342,345
343,346
344,347
345,348
346,349
350,350
348,351
351,352
352,353
349,354
353,355
354,356
355,357
356,358
357,359
358,360
359,361
360,362
362,363
361,364
363,365
364,366
365,367
366,368
367,369
368,370
369,371
370,372
371,373
372,374
373,375
374,376
375,377
376,378
377,379
378,380
379,381
380,382
381,383
382,384
383,385
384,386
385,387
386,388
387,389
388,390
389,391
390,392
391,393
392,394
393,395
394,396
395,397
396,398
397,399
399,400
400,401
428,405
429,406
427,407
442,415
149,1
150,2
151,3
160,4
152,5
153,6
154,7
155,8
144,9
156,10
157,11
158,12
159,13
126,14
125,15
114,16
115,17
124,19
111,20
425,21
402,22
116,23
403,24
117,25
14,26
15,27
16,28
17,29
18,30
19,31
20,32
21,33
22,34
3,35
4,36
5,37
23,38
24,39
25,40
26,41
27,42
28,43
29,44
7,45
30,46
31,47
32,48
33,49
34,50
35,51
36,52
37,53
38,54
39,55
41,56
42,57
43,58
44,59
45,60
46,61
47,62
48,63
51,64
49,65
50,66
52,67
53,68
8,69
40,70
6,71
133,72
134,73
135,74
57,75
58,76
54,77
129,78
446,80
131,81
132,82
92,83
93,84
95,85
94,86
96,87
97,88
98,94
56,98
9,99
10,100
11,101
12,102
73,103
74,104
75,105
76,106
77,107
78,108
79,109
80,110
81,111
59,115
60,116
61,117
62,118
63,119
64,120
65,121
66,122
67,123
68,124
69,125
70,126
71,127
72,128
82,132
83,133
84,134
85,135
86,136
87,137
88,138
89,139
90,140
91,141
101,142
102,143
108,144
105,145
106,146
109,147
110,148
107,149
128,151
122,152
2,153
100,154
113,155
112,161
401,162
168,163
171,165
173,166
174,167
172,168
118,169
179,170
178,171
177,172
180,173
175,174
176,175
186,176
187,177
188,178
185,179
190,180
189,181
184,182
182,183
183,184
167,185
163,188
162,189
165,190
166,191
127,194
161,195
99,197
120,199
119,200
191,201
192,202
194,203
196,204
197,205
200,206
199,207
201,208
202,209
203,210
204,211
205,212
206,213
207,214
208,215
209,216
210,217
211,218
212,219
213,220
214,221
215,222
216,223
217,224
218,225
219,226
220,227
221,228
222,229
223,230
224,231
225,232
226,233
227,234
228,235
229,236
230,237
231,238
232,239
233,240
234,241
235,242
236,243
237,244
238,245
239,246
240,247
241,248
242,249
243,250
244,251
245,252
285,253
247,254
248,255
249,256
251,257
252,258
253,259
254,260
255,261
256,262
257,263
258,264
259,265
260,266
261,267
262,268
263,269
264,270
265,271
267,273
268,274
269,275
270,276
271,277
272,278
273,279
274,280
275,281
276,282
277,283
278,284
279,285
280,286
281,287
282,288
283,289
284,290
286,291
287,292
288,293
289,294
290,295
291,296
292,297
293,298
294,299
295,300
407,301
297,302
298,303
299,304
300,305
301,306
302,307
303,308
305,309
306,310
307,311
308,312
309,313
310,314
311,315
312,316
313,317
314,318
315,319
316,320
317,321
318,322
319,323
320,324
321,325
322,326
337,327
324,328
325,329
326,330
327,331
328,332
329,333
330,334
331,335
332,336
333,337
334,338
335,339
336,340
338,341
339,342
340,343
341,344
342,345
343,346
344,347
345,348
346,349
350,350
348,351
351,352
352,353
349,354
353,355
354,356
355,357
356,358
357,359
358,360
359,361
360,362
362,363
361,364
363,365
364,366
365,367
366,368
367,369
368,370
369,371
370,372
371,373
372,374
373,375
374,376
375,377
376,378
377,379
378,380
379,381
380,382
381,383
382,384
383,385
384,386
385,387
386,388
387,389
388,390
389,391
390,392
391,393
392,394
393,395
394,396
395,397
396,398
397,399
399,400
400,401
428,405
429,406
427,407
442,415
