4,22,2016-04-13 01:04:14,10,408,5.375
14,0,2016-03-23 09:17:43,10,404,12.3333
15,10,2016-04-08 10:01:44,10,407,3.33333
16,17,2016-04-08 10:09:34,10,415,7.5
4,22,2016-04-13 01:04:14,10,408,5.375
14,0,2016-03-23 09:17:43,10,404,12.3333
15,10,2016-04-08 10:01:44,10,407,3.33333
16,17,2016-04-08 10:09:34,10,415,7.5
4,22,2016-04-13 01:04:14,10,408,5.375
14,0,2016-03-23 09:17:43,10,404,12.3333
15,10,2016-04-08 10:01:44,10,407,3.33333
16,17,2016-04-08 10:09:34,10,415,7.5
4,22,2016-04-13 01:04:14,10,408,5.375
14,0,2016-03-23 09:17:43,10,404,12.3333
15,10,2016-04-08 10:01:44,10,407,3.33333
16,17,2016-04-08 10:09:34,10,415,7.5
4,22,2016-04-13 01:04:14,10,408,5.375
14,0,2016-03-23 09:17:43,10,404,12.3333
15,10,2016-04-08 10:01:44,10,407,3.33333
16,17,2016-04-08 10:09:34,10,415,7.5
