23,1
25,1
132,2
133,2
134,2
135,2
136,2
137,2
138,2
139,2
140,2
141,2
155,1
162,3
163,3
164,3
165,3
166,3
167,3
168,3
169,3
170,3
171,3
172,3
173,3
174,3
175,3
176,3
177,3
178,3
179,3
180,3
181,3
182,3
183,3
184,3
185,3
404,7
404,9
407,7
407,9
408,7
408,9
415,7
415,9
23,1
25,1
132,2
133,2
134,2
135,2
136,2
137,2
138,2
139,2
140,2
141,2
155,1
162,3
163,3
164,3
165,3
166,3
167,3
168,3
169,3
170,3
171,3
172,3
173,3
174,3
175,3
176,3
177,3
178,3
179,3
180,3
181,3
182,3
183,3
184,3
185,3
404,7
404,9
407,7
407,9
408,7
408,9
415,7
415,9
23,1
25,1
132,2
133,2
134,2
135,2
136,2
137,2
138,2
139,2
140,2
141,2
155,1
162,3
163,3
164,3
165,3
166,3
167,3
168,3
169,3
170,3
171,3
172,3
173,3
174,3
175,3
176,3
177,3
178,3
179,3
180,3
181,3
182,3
183,3
184,3
185,3
404,7
404,9
407,7
407,9
408,7
408,9
415,7
415,9
23,1
25,1
132,2
133,2
134,2
135,2
136,2
137,2
138,2
139,2
140,2
141,2
155,1
162,3
163,3
164,3
165,3
166,3
167,3
168,3
169,3
170,3
171,3
172,3
173,3
174,3
175,3
176,3
177,3
178,3
179,3
180,3
181,3
182,3
183,3
184,3
185,3
404,7
404,9
407,7
407,9
408,7
408,9
415,7
415,9
23,1
25,1
132,2
133,2
134,2
135,2
136,2
137,2
138,2
139,2
140,2
141,2
155,1
162,3
163,3
164,3
165,3
166,3
167,3
168,3
169,3
170,3
171,3
172,3
173,3
174,3
175,3
176,3
177,3
178,3
179,3
180,3
181,3
182,3
183,3
184,3
185,3
404,7
404,9
407,7
407,9
408,7
408,9
415,7
415,9
